152
154
147
115
76
41
15
2
0
0
0
0
0
2
9
51
94
120
150
153
154
157
158
149
140
95
49
26
6
0
0
0
0
0
0
11
26
74
128
141
148
155
162
163
165
147
116
66
27
11
1
0
0
0
0
0
6
46
89
131
162
170
172
174
173
173
175
175
174
172
169
170
171
172
173
173
175
165
140
81
29
8
0
0
0
0
2
17
42
107
157
169
174
177
178
178
171
126
60
30
6
0
0
0
0
2
6
67
131
155
171
178
178
180
180
169
144
83
22
5
0
0
0
0
2
24
57
114
162
177
180
182
182
182
180
181
180
182
183
182
183
184
184
185
175
110
36
11
0
0
0
0
2
65
131
158
176
184
185
185
186
139
73
40
5
1
0
0
1
20
39
108
162
179
181
182
181
178
157
86
27
6
0
0
2
5
11
79
153
169
177
185
186
188
187
186
188
188
189
188
190
192
192
148
91
50
7
2
1
1
2
77
150
165
183
189
191
191
179
109
30
4
1
1
2
18
47
108
170
190
191
194
192
174
100
41
8
2
1
2
3
81
152
166
183
191
192
192
191
190
196
195
193
192
193
183
158
86
12
4
3
5
11
80
161
184
190
195
193
172
90
34
7
5
5
17
39
101
171
192
195
197
187
123
46
11
4
5
6
57
114
153
184
190
192
192
191
192
191
189
191
193
193
123
36
16
7
8
11
80
161
185
190
196
186
122
48
10
6
5
9
78
163
190
195
200
187
117
38
8
6
9
11
95
171
187
193
195
194
196
193
193