196
194
197
198
198
198
195
122
26
12
9
32
56
123
187
197
199
150
58
30
10
16
31
94
170
193
193
187
124
56
17
11
14
74
158
183
190
197
197
202
202
202
201
201
200
189
114
40
46
57
149
189
114
40
48
61
146
186
114
41
49
64
156
202
203
202
197
182
103
21
33
57
150
189
128
66
42
28
120
186
171
157
94
18
73
131
187
202
203
199
193
181
105
25
17
21
116
187
184
171
95
11
20
48
136
189
169
152
83
16
54
104
192
200
201
201
201
192
181
158
80
12
15
57
139
188
191
166
84
18
11
32
110
182
195
173
101
41
17
23
78
150
197
199
200
200
201
195
189
167
87
20
8
15
53
119
196
189
179
157
78
7
6
23
101
182
196
180
153
113
48
11
16
54
130
193
203
201
199
198
197
197
198