197
198
197
199
201
188
123
56
85
154
156
122
74
40
93
160
140
72
59
62
123
183
193
198
145
66
91
127
118
117
90
54
117
175
118
39
104
163
176
193
173
106
97
85
103
131
103
63
103
155
105
41
101
173
193
181
121
68
105
146
112
72
88
106
87
82
124
176
177
118
98
113
99
73
95
130
112
94
127
175
167
115
98
113
106
96
84
82
135
164
179
194
199
199
197
199
199
199
198
196
194
197
198
198
198
195
122
26
12
9
32
56
123
187
197
199
150
58
30
10
16
31
94
170
193
193
187
124
56
17
11
14
74
158
183
190
197
197