89
94
94
92
92
94
94
93
93
97
97
93
96
100
102
101
97
91
81
70
64
62
63
66
62
58
51
44
36
33
38
48
48
43
25
6
0
0
0
0
0
0
0
0
0
1
12
23
41
65
74
84
79
72
72
70
68
71
40
17
3
0
0
0
0
0
0
0
0
1
17
35
69
110
112
98
89
82
88
92
87
83
56
27
9
0
0
0
0
0
0
0
0
1
8
19
56
100
101
89
91
86
91
94
96
101
96
90
83
79
77
76
78
80
77
99
97
97
96
96
97
97
99
95
91
94
100
101
97
68
25
7
2
2
0
1
0
0
1
3
6
32
68
91
116
106
95
101
106
99
95
61
23
11
3
2
1
1
0
1
1
5
8
39
79
97
118
101
86
94
104
91
72
45
11
2
2
1
1
0
0
0
0
6
14
46
91
110
109
101
95
95
98
97
98
101
106
100
91
88
83
89
95
88
87
57
25
9
1
0
0
0
0
0
0
9
18
53
97
98
96
97
98
93
88
53
19
5
0
0
0
0
0
0
2
24
50
79
111
102
93
98
104
86
62
37
7
1
0
0
0
0
0
3
9
35
73
95
101
95
90
91
92
93
96
100
103
103
101
103
106
101
96
71
35
16
1
0
0
0
1
5
8
38
77
96
116
112
104
83
67
38
4
1
0
0
0
0
1
13
25
59
102
106
105
99
91
62
37
16
2
0
0
0
0
2
6
29
63
87
100
96
91
92
95
98
98
95
98
100
96
91
89
64
34
11
3
1
0
0
0
11
25
53
90
104
103
84
72
42
15
2
0
0
0
1
3
25
46
78
114
111
102
77
56
31
2
2
0
0
1
7
13
46
84
97
108
99
90
88
86
89
87
88
93
87
76
51
22
4
3
2
1
6
13
40
83
104
105
86
66
42
18
2
2
0
0
7
17
47
92
108
108
82
60
38
12
1
1
1
1
7
13
42
72
80
92
82
66
65
60
65
71
73
76
75
