91
92
90
92
93
95
95
96
92
92
91
90
89
63
25
8
0
0
0
6
14
51
96
102
105
69
31
12
0
0
0
5
11
47
91
97
98
67
36
13
0
0
0
5
8
38
83
115
116
100
87
90
98
92
87
73
47
19
0
0
0
8
20
59
101
96
75
39
8
0
0
3
7
37
89
90
92
70
44
18
0
0
0
17
36
71
109
91
69
71
73
82
94
69
42
19
0
0
1
21
41
72
104
76
32
8
0
0
1
21
53
84
101
68
24
7
3
3
5
29
63
92
108
101
86
87
95
76
45
21
3
2
3
38
79
79
80
47
9
5
6
16
27
57
85
55
15
6
2
13
23
55
100
95
79
85
90
75
59
32
2
5
10
32
71
70
39
19
7
14
24
58
94
72
34
11
6
17
33
59
87
94
89
75
64
39
12
5
7
28
56
44
30
20
11
16
21
46
71
40
7
5
6
44
90
96
102
95
86
89
94
94
92
92
94
94
93
93
97
97
93
96
100
102
101
97
91
81
70
64
62
63
66
62
58
51
44
36
33
38
48
48
43
25
6
0
0
0
0
0
0
0
0
0
1
12
23
41
65
74
84
79
72
72
70
68
71
40
17
3
0
0
0
0
0
0
0
0
1
17
35
69
110
112
98
89
82
88
92
87
83
56
27
9
0
0
0
0
0
0
0
0
1
8
19
56
100
101
89
91
86
91
94
96
101
96
90
83
79
77
76
78
80
77