63
62
60
60
61
62
64
68
64
59
63
65
63
64
66
66
67
66
55
44
21
1
0
0
0
0
0
0
0
0
0
0
0
0
0
0
0
0
0
0
0
0
0
1
16
40
55
72
68
64
63
64
66
65
64
65
69
72
68
62
61
60
62
61
63
62
62
55
29
8
2
0
0
0
0
0
0
0
0
0
0
0
0
0
0
0
0
0
0
0
0
0
4
15
47
76
71
69
66
65
66
65
64
65
64
64
60
59
62
64
64
63
62
57
59
56
36
18
7
0
0
0
0
0
0
0
0
0
0
0
0
0
0
0
0
0
0
0
0
0
0
5
35
64
68
69
66
63
57
59
70
74
69
69
68
66
64
63
65
65
66
64
65
67
69
68
69
67
68
67
64
59
61
61
65
68
66
64
64
62
63
62
59
58
57
56
61
62
47
33
13
0
0
0
0
0
0
0
0
0
0
0
0
0
0
0
0
0
0
0
0
4
36
67
68
65
68
63
57
58
64
64
57
56
66
69
69
68
64
58
59
59
37
16
6
0
0
0
0
0
0
0
0
0
0
0
0
0
0
0
0
0
0
0
0
9
34
56
58
59
65
64
61
57
57
55
57
59
61
62
61
60
62
65
63
62
30
1
0
0
0
0
0
0
0
0
0
0
0
0
0
0
0
0
0
0
0
0
19
48
63
73
72
72
72
74
70
64
67
73
69
65
69
75
77
69
56
42
41
39
46
56
65
68
70
66
66
67
69
69
66
61
62
63
64
64
63
62
66
66
48
29
11
0
0
0
0
0
0
0
0
0
0
0
0
0
0
0
0
0
8
24
54
76
72
67
68
73
65
58
63
70
70
70
64
57
59
63
59
53
23
0
0
0
0
0
0
0
0
0
0
0
0
0
0
0
0
0
0
7
26
47
46
40
39
40
40
40
40
41
44
47
50
54
58
60
59
59
28
0
0
0
0
0
0
0
0
0
0
0
0
0
0
0
0
0
0
0
28
67
73
76
73
70
71
72
69
68
68
69
68
68
66
67
63
60
54
54
51
47
49
50
47
42
44
52
54
57
62
66
69
70
66
61
57
55
29
1
0
0
0
0
0
0
0
0
0
0
0
0
0
0
0
9
36
72
76
66
65
66
67
69
72
71
69
66
67
71
71
67
36
4
0
0
0
0
0
0
0
0
0
0
0
0
0
0
0
1
30
65
74
70
72
73
69
66
68
72
69
68
67
66
67
67
43
16
2
0
0
0
0
0
0
0
0
0
0
0
0
0
0
0
21
49
61
68
70
63
62
65
63
58
54
53
62
60
54
50
65
80
73
66
64
63
65
64
62
60
63
65
62
62
60
54
48
46
22
2
0
0
0
0
0
0
0
0
0
0
0
0
0
8
36
70
74
68
67
66
69
70
69
67
66
62
62
63
37
16
2
0
0
0
0
0
0
0
0
0
0
0
0
0
20
49
62
72
74
70
68
67
63
62
63
69
68
63
47
33
13
0
0
0
0
0
0
0
0
0
0
0
0
0
15
38
59
79
75
66
67
70
69
66
68
68
67
68
66
64
66
65
65
66
64
65
69
73
69
67
65
65
65
63
44
24
10
0
0
0
0
0
0
0
0
0
0
0
9
27
49
76
74
67
70
68
65
65
64
61
58
58
31
7
0
0
0
0
0
0
0
0
0
0
0
0
21
48
62
74
75
70
72
72
68
64
64
64
48
27
10
0
0
0
0
0
0
0
0
0
0
0
6
17
43
75
73
73
70
68
70
70
68
68
66
61
64
65
63
62
