114
114
114
113
112
114
116
119
117
117
114
112
114
116
116
116
112
111
111
111
113
113
112
112
118
122
123
124
120
113
100
90
71
56
44
33
32
27
25
23
22
22
20
20
18
18
17
18
18
18
18
19
19
18
16
14
17
16
17
18
17
15
15
15
16
16
17
15
16
18
19
20
22
25
30
38
51
63
76
85
94
103
109
113
113
112
113
112
108
106
111
117
118
118
116
118
120
118
117
114
114
115
114
115
117
116
119
119
119
118
116
112
116
118
118
119
120
118
101
87
65
48
38
28
24
19
18
18
18
18
18
17
17
17
16
14
14
15
15
14
13
13
14
14
14
14
14
14
15
15
14
13
14
15
16
18
17
17
18
20
23
28
35
44
58
69
85
97
107
116
117
121
122
120
121
120
117
115
118
121
123
124
123
124
122
121
120
119
118
120
122
123
119
118
120
122
120
119
118
118
124
128
126
126
123
112
91
70
52
37
32
25
23
21
18
19
18
21
21
19
20
19
19
21
18
17
17
16
17
16
17
16
17
16
16
18
18
18
17
17
20
20
19
21
22
24
25
30
32
39
52
61
80
98
115
125
129
132
131
132
128
126
125
125
125
126
126
126
123
123
123
124
126
127
126
125
125
126
127
127
131
131
132
132
131
128
129
129
128
125
126
128
129
129
129
128
128
130
130
132
131
130
127
124
125
125
130
132
132
129
131
133
134
136
135
131
131
131
131
131
131
131
132
132
130
129
130
133
134
134
135
139
141
144
132
122
98
75
55
36
28
22
22
19
21
20
22
22
20
18
18
17
16
16
16
17
16
14
13
13
13
13
15
15
16
17
17
18
17
18
18
18
18
22
24
28
32
38
56
70
87
100
105
111
118
125
130
133
132
131
132
130
132
132
131
130
129
129
131
131
131
130
128
128
127
125
124
121
125
127
126
127
123
116
100
78
56
42
32
26
25
25
25
22
22
21
22
22
22
19
19
18
20
19
20
19
18
17
18
18
17
18
17
17
18
19
21
22
23
22
22
24
28
31
41
54
72
87
103
117
125
129
130
130
131
134
133
132
131
131
131
132
131
130
125
121
121
118
113
112
112
114
117
123
126
132
134
140
142
143
133
121
94
66
53
38
32
25
23
21
22
20
21
21
21
19
18
19
18
16
16
17
17
18
17
18
18
19
19
21
22
23
25
25
27
27
26
22
20
16
17
19
21
19
31
43
60
81
106
129
141
153
148
142
139
133
133
134
136
136
135
134
134
136
134
132
121
111
100
95
92
92
94
97
103
109
112
123
134
140
138
135
132
129
129
131
130
130
131
131
132
133
133
132
133
134
133
131
129
129
131
131
131
128
128
130
129
129
133
134
133
134
135
137
139
143
142
140
122
106
80
57
42
32
28
25
25
23
22
21
21
19
19
21
20
19
20
20
20
20
18
18
19
20
18
19
22
21
21
21
22
23
27
32
39
46
63
81
105
124
129
135
135
134
131
127
125
124
126
128
127
126
130
131
130
128
129
132
133
133
134
134
140
145
142
142
135
118
91
61
40
29
22
20
18
13
11
10
10
9
8
9
9
10
11
13
13
15
15
16
15
18
17
17
18
19
19
19
19
20
20
21
27
33
48
65
86
106
122
133
136
137
137
132
131
127
126
125
123
125
127
127
126
125
127
128
128
128
130
133
135
137
137
136
120
104
81
53
43
29
24
19
18
19
20
19
18
18
18
16
15
14
13
13
13
12
11
12
12
11
11
11
12
14
16
17
18
18
21
25
30
36
44
55
72
92
106
115
119
118
114
112
116
120
133
143
146
149
144
141
134
126
121
119
121
122
123
124
126
126
126
125
126
131
131
131
132
131
132
132
133
130
129
127
123
120
122
126
128
131
132
133
128
124
125
126
127
129
130
134
134
132
134
138
137
142
141
140
129
117
96
72
57
42
35
27
26
23
25
22
24
23
22
20
17
17
18
19
20
19
17
15
18
18
17
18
17
15
16
18
22
26
35
45
62
84
105
121
129
133
133
130
128
127
127
128
130
130
130
131
130
129
130
127
128
128
135
140
140
141
131
119
96
73
55
39
33
27
25
23
23
22
21
21
19
18
18
18
17
15
15
15
17
18
20
20
22
20
22
21
23
23
28
33
46
64
84
108
121
130
129
127
126
125
126
128
126
123
123
122
124
126
125
123
123
121
123
123
123
125
124
123
107
92
76
51
40
34
27
25
23
22
22
21
21
21
21
21
19
17
16
18
18
18
17
17
19
18
18
17
15
17
19
22
31
39
55
72
94
115
120
124
125
124
125
125
124
123
120
118
116
115
114
117
121
125
130
132
129
127
122
116
112
111
109
108
108
110
114
122
125
128
128
124
123
124
123
122
120
119
123
125
125
125
126
128
125
123
123
123
126
132
126
122
110
99
77
64
50
36
31
27
22
20
19
19
17
18
17
18
18
18
18
19
20
18
18
18
17
18
21
24
31
38
54
77
93
110
119
120
121
116
113
112
116
115
115
114
114
115
117
119
119
118
120
122
124
128
116
105
87
73
58
41
36
32
26
24
22
20
19
22
20
21
19
18
17
18
18
17
17
18
19
20
21
21
25
30
41
58
74
94
106
112
113
111
114
115
115
114
115
116
116
115
117
117
115
114
115
116
114
117
111
103
86
70
61
51
39
29
24
23
20
21
19
18
16
16
16
15
15
16
20
20
19
20
21
22
21
21
24
26
35
47
66
88
101
109
111
109
108
106
108
111
114
116
114
112
113
113
113
114
115
117
116
115
111
108
105
102
102
97
97
100
102
106
103
99
100
101
106
110
111
109
110
112
112

