80
81
83
84
83
82
85
84
84
83
82
82
85
87
81
78
60
41
27
13
9
6
6
6
6
5
5
5
5
5
5
6
5
5
5
5
6
6
6
11
20
29
43
50
62
77
82
86
83
83
82
81
80
79
81
80
81
82
85
86
87
87
80
75
56
39
27
15
10
6
5
5
5
6
5
5
5
5
5
4
6
6
6
7
6
5
6
11
15
26
40
51
60
73
79
87
88
87
85
83
82
83
86
87
88
86
86
87
87
87
87
88
74
62
42
25
16
8
7
5
6
6
6
6
5
5
6
6
7
6
6
5
6
6
6
6
9
16
31
43
52
67
77
87
86
86
84
82
85
87
86
86
85
83
86
89
87
85
83
86
87
90
89
87
88
82
66
57
50
48
44
48
61
74
90
101
93
88
88
89
89
91
91
91
83
75
53
35
25
14
11
8
8
8
8
8
6
6
6
8
6
6
6
6
8
9
10
16
29
42
58
72
82
89
89
88
87
85
83
82
83
85
87
88
92
97
90
82
63
47
30
16
11
7
5
4
4
4
3
4
5
4
6
6
6
7
8
8
9
14
23
36
54
69
79
89
89
89
87
84
84
84
83
81
82
82
83
83
85
85
84
80
63
48
32
19
15
10
9
8
8
7
7
7
6
6
5
5
6
7
7
7
8
15
23
36
55
69
79
88
86
83
85
85
84
83
86
89
88
86
85
83
84
86
87
86
88
88
87
85
86
83
84
86
87
87
85
83
85
85
85
86
86
89
89
86
71
54
34
20
14
10
8
7
7
6
6
7
6
5
4
3
3
4
5
5
8
14
28
43
59
75
83
91
92
92
89
86
85
84
82
85
89
88
78
64
50
33
22
14
11
8
8
8
8
7
7
8
7
7
7
7
7
7
10
13
20
30
50
67
78
90
90
91
90
87
83
80
82
82
87
91
88
84
72
56
36
22
15
11
9
7
8
8
8
8
8
8
7
8
8
8
8
9
13
18
34
50
65
82
86
89
85
83
81
84
85
84
84
86
85
82
84
84
84
86
84
81
83
87
85
85
87
86
84
85
83
84
83
84
85
87
74
64
43
25
17
12
11
10
9
9
8
7
8
8
9
8
9
10
12
19
34
52
71
82
86
89
88
86
83
79
82
83
81
81
81
80
68
56
38
19
15
10
9
8
8
8
8
8
8
8
8
8
9
10
16
24
45
61
77
88
88
89
86
81
84
86
86
84
78
72
55
38
24
16
11
10
9
9
9
10
9
8
9
9
9
8
9
11
20
30
51
71
82
92
88
88
85
85
87
87
85
85
83
81
82
82
85
88
88
87
85
82
79
72
71
72
72
75
78
82
79
74
60
47
33
20
16
11
10
9
9
9
8
9
9
10
12
13
23
35
52
69
79
89
89
87
84
86
86
88
85
79
66
46
32
20
14
11
11
10
9
9
9
10
10
11
12
14
25
37
53
69
80
89
88
87
87
86
86
86
84
85
81
72
59
39
25
16
13
10
11
10
10
10
10
10
10
11
15
22
35
53
62
70
75
78
80
76
71
67
68
72
67
60
53
49
55
64
67
70
79
87
82
76
80
85
85
85
78
69
53
33
24
17
10
4
2
0
0
1
2
4
7
7
18
31
57
79
85
89
85
82
83
83
83
81
72
66
48
31
22
14
12
10
10
10
10
10
11
11
14
18
31
50
68
79
86
87
87
84
84
84
82
77
69
59
41
24
19
14
12
11
11
10
9
9
9
8
14
19
33
47
57
68
74
79
82
84
84
84
83
80
82
81
80
80
80
80
79
79
78
78
81
83
83
81
80
83
80
78
79
80
79
79
81
82
81
80
82
84
82
81
82
80
82
82
81
82
83
83
82
81
83
82
83
84
82
81
83
83
82
81
80
78
78
79
81
80
82
81
81
80
80
80
82
83
82
82
82
79
79
80
81
83
82
80
80
79
80
81
80
80
81
81
80
78
80
80
78
76
78
79
80
81
79
77
78
80
80
79
81
79
78
80
81
81
79
78
76
77
76
73
73
74
74
77
77
79
77
75
76
76
76
75
75
75
75
74
74
75
74
75
75
75
73
72
74
76
74
76
75
75
74
75
75
76
76
77
77
77
72
69
53
39
26
14
12
10
8
8
8
8
8
8
8
8
7
7
7
8
8
9
8
7
7
7
7
7
7
8
8
7
7
8
7
8
8
8
8
8
8
10
10
9
9
11
10
11
13
16
25
39
53
67
74
75
75
74
72
71
73
73
73
75
74
75
74
74
77
81
80
77
78
76
75
77
72
71
65
58
59
58
58
57
57
60
63
65
70
74
75
75
76
76
75
75
69
60
47
36
29
18
14
12
11
9
9
9
9
8
9
10
9
9
9
9
8
8
8
8
8
8
8
9
8
8
8
8
8
8
7
7
7
8
8
9
8
9
9
10
9
9
10
11
11
13
20
30
46
63
58
48
41
31
27
27
32
36
42
45
56
65
71
74
75
75
73
72
72
72
72
75
72
71
72
71
72
71
70
69
69
69
71
72
73
72
71
70
72
74
70
66
63
57
49
40
29
22
16
13
10
10
9
7
7
7
8
7
7
6
6
6
6
7
8
8
8
7
6
6
6
6
7
6
6
7
7
7
7
8
8
8
9
9
9
8
6
7
7
8
9
10
16
22
35
48
53
56
56
54
58
58
57
56
57
58
53
52
53
55
53
52
51
49
46
43
41
40
40